-1.5307	0.89341	0.37152	-1.1436	-2.0654	2.3042	0.2531
-0.66741	0.56039	0.63757	-1.4461	-1.7236	1.9775	0.46311
-0.34315	0.70521	0.63266	-1.8541	-2.1267	2.4042	0.33539
-0.44923	0.98375	1.5606	-2.5039	-2.0259	1.9985	0.35612
-1.1601	1.3361	1.6546	-1.5936	-2.4779	1.776	0.64839
-1.1932	1.3491	2.1382	-0.72771	-2.6489	2.5278	1.9409
-1.943	1.1949	1.5455	-1.4692	-2.0624	2.2317	2.3223
-1.4179	0.30935	0.86758	-1.6395	-1.1528	2.3094	2.2657
-1.7875	-0.93068	0.50127	-1.202	-0.4176	2.3762	2.2534
-1.3981	-0.57127	-0.21936	-2.0488	-0.76792	1.5622	2.6795
-1.0246	-0.40528	0.14377	-2.4916	0.10219	1.6444	1.4297
-1.1824	-0.066568	0.10088	-2.4743	-0.074898	3.0968	0.94843
-1.854	-1.3834	0.27344	-2.3527	0.49735	3.2027	0.84044
-1.7568	-0.63342	1.6498	-2.7347	0.58397	2.7841	1.5671
-1.7086	-1.1059	1.8889	-2.0889	0.32931	3.2716	2.1838
-2.0047	-0.19748	2.8436	-1.4138	0.13207	2.8706	2.2377
-1.3996	0.74706	2.5416	-0.9747	0.24401	3.3019	1.3984
-1.0144	0.17454	2.0328	-0.97719	1.3501	3.4546	1.0039
-1.1885	0.54621	2.3549	-0.76727	1.264	2.565	0.57903
-1.6845	0.6139	2.6723	-0.66063	0.54002	2.2294	-0.04467
-2.2824	0.76098	2.645	-0.6794	-0.59091	2.8801	-0.16501
-1.8056	1.4962	1.5153	-0.55411	-0.20691	2.1711	-0.17569
-1.963	1.4043	1.0994	-0.32748	-0.53179	3.3889	-0.99884
-2.1674	0.88222	0.83585	-0.75066	-0.028283	3.601	-0.62167
-1.694	0.86128	-0.17555	-0.28314	-0.67058	3.611	0.10902
-1.0026	0.25224	-0.53466	-1.1279	-0.41237	3.4654	-0.076522
-0.88011	-0.47539	0.076018	-0.77046	-0.1354	3.6312	-0.73523
-0.96518	-1.002	0.35796	-0.57477	-0.23205	3.0478	0.65365
-1.093	-1.0152	1.3401	-0.64344	-0.0063321	2.4767	-0.40509
-0.42706	-0.29785	0.23901	-0.73879	-0.045022	1.5008	-0.90269
-0.16997	0.36797	0.29925	-1.0672	0.11205	0.59012	-0.71746
0.18981	1.1685	1.0563	-1.5253	-0.52285	0.59148	-1.475
0.22401	0.65194	1.2925	-1.9116	0.98066	0.77032	-1.37
0.21907	-0.34466	1.7697	-2.4494	1.4052	1.0965	-1.483
0.32004	-0.61063	2.3936	-1.746	1.6418	0.904	-1.4641
1.2285	-0.046125	2.1132	-2.3363	1.2306	1.306	-2.0019
1.8036	0.2761	2.2199	-2.4832	0.25668	1.4624	-0.64036
1.4673	0.67557	1.2579	-1.616	-0.18203	1.8732	-0.69069
0.34446	0.90945	0.94047	-1.0116	0.26173	2.084	-1.0109
0.20538	-0.24423	0.95643	-1.1917	0.40812	2.6242	-1.8798
0.015714	-0.44542	1.4779	-1.7636	0.68916	3.07	-2.3117
-0.20387	-0.73022	1.0461	-2.2798	1.0577	2.687	-2.3662
-1.0212	-0.39793	1.5703	-1.7373	1.1069	3.6354	-2.282
-0.17739	0.13372	2.1789	-1.6806	0.88135	3.6542	-2.4252
-0.25239	0.31796	1.9841	-0.59868	1.2581	3.115	-2.0948
-0.30492	0.42103	2.1074	-1.1378	0.95094	2.3307	-2.4013
-0.42087	0.65085	2.3491	-0.83576	-0.22216	1.6484	-2.8705
0.10578	1.5307	2.6453	-0.73298	-0.50163	0.35491	-2.8818
0.89876	1.597	2.8686	-1.1686	1.1864	0.8558	-1.793
1.5828	1.6027	1.6904	-1.9627	0.85075	0.29161	-2.3321
1.88	1.2993	0.75561	-1.3785	-0.24334	1.6605	-2.4013
1.4438	1.6044	-0.56905	-1.0391	0.083382	1.9043	-2.3586
1.0759	0.77975	-0.6301	-0.71068	0.71346	3.0597	-2.4057
0.32202	0.10934	-0.67098	-0.90425	1.0421	2.195	-2.4817
0.43585	0.22421	0.30668	-0.40395	0.91843	1.2316	-2.6874
0.094564	-0.88613	0.7947	-1.0579	1.5103	1.0084	-1.7653
0.44102	-0.19737	0.5772	-2.0804	2.146	1.2724	-1.0908
0.82789	-0.275	0.76587	-2.2559	1.5264	1.7959	-0.91274
0.078122	0.10761	0.23588	-1.9011	1.7017	1.3185	0.097579
-0.072712	-0.8981	0.58153	-1.2077	1.0933	1.3781	0.84742
-0.32905	-1.1843	0.51623	-1.5066	1.4259	0.59037	1.7242
0.58085	-0.96341	0.30845	-2.0378	1.2504	0.69798	2.3302
0.73311	-1.4387	0.44008	-1.1519	0.11151	0.32097	2.1761
0.5399	-1.3422	0.64801	-1.5992	-0.70315	0.11086	2.0842
0.44962	-1.4348	1.3013	-1.6861	-0.027666	0.71231	1.8465
0.35379	-1.7326	0.10376	-2.1932	-0.18519	0.85831	2.3012
1.465	-1.4448	-0.89735	-2.1962	-0.11764	1.8448	2.4381
1.5442	-1.2688	-0.30629	-1.9465	-1.0745	1.679	2.8031
1.9067	-1.5177	-0.68395	-1.8199	-0.12805	0.84644	1.845
2.8726	-1.5479	-0.84732	-2.1473	-0.37617	1.3322	1.8908
2.8675	-0.82231	-1.567	-1.556	-0.31338	2.1746	1.9611
2.7558	-0.8706	-0.72371	-0.88607	-0.66135	1.3671	1.6826
2.8407	-0.24936	-0.22681	-1.129	-1.092	1.4975	1.6917
1.5524	-0.11415	-0.46106	-0.47483	-1.1363	1.7591	1.993
1.7765	1.1289	-0.88101	-0.25201	-1.2853	1.8107	1.6412
0.86276	1.1204	-0.45746	-0.76166	-1.6986	1.1886	2.1591
0.72933	0.53689	0.55795	-1.553	-2.5028	0.58922	2.191
1.7347	0.99395	0.75323	-1.706	-2.8288	0.50959	1.4882
2.39	1.6458	0.43539	-1.7602	-2.8654	0.16056	0.56057
2.7269	1.1729	1.5456	-2.4374	-2.7996	0.69342	-0.36276
2.3824	1.3936	1.9721	-2.2133	-1.688	1.3216	-0.39753
2.1019	1.6061	2.1767	-1.8266	-1.5662	1.7666	-0.28717
2.7714	1.6209	2.0141	-1.3351	-2.2637	0.765	-0.033361
2.5324	0.95475	2.305	-1.0223	-2.2945	1.2494	0.3767
2.3802	0.51795	2.0176	-1.1914	-2.011	0.48559	-1.0831
2.4265	1.6212	2.6174	-1.2956	-1.4904	0.73094	-1.9746
1.9947	0.60437	2.4818	-1.7124	-1.8054	1.5401	-2.2616
2.0522	1.3475	2.1363	-2.4351	-1.6118	1.6408	-2.6297
1.1792	1.3324	2.0055	-2.0276	-2.311	2.5614	-2.4055
1.193	0.53313	1.6529	-1.7947	-2.2458	2.9539	-0.90253
2.0453	-0.10898	1.3341	-1.4035	-2.7235	3.2081	-0.35694
2.27	-0.57849	0.69014	-1.6622	-2.1942	3.4358	0.16612
2.7357	-0.12694	0.52755	-0.98546	-2.8294	3.055	0.73839
2.0399	0.36324	-0.60394	-0.96841	-2.7113	2.0056	0.18949
2.4921	-0.53626	-0.83305	-0.88578	-2.127	2.0738	-0.74231
2.5546	0.077845	-1.2734	-1.7912	-1.3641	1.956	-0.54585
2.8	0.66726	-1.5897	-2.0436	-0.81673	3.0499	-1.1545
1.5563	0.45578	-1.4606	-1.8685	-1.4129	3.2937	-0.5919
2.2049	0.41004	-2.0577	-2.6024	-2.0427	3.5362	-0.053831
2.8474	1.548	-2.2373	-1.7694	-1.6706	3.2728	0.21307
2.5619	0.57229	-2.2295	-2.4872	-1.1958	3.402	1.785
2.8344	1.0852	-1.4529	-1.8153	-1.8611	2.6203	2.1202
2.0391	-0.036911	-2.3612	-1.7711	-1.4479	2.2562	2.0781
0.86328	-0.088014	-2.274	-1.062	-1.2645	2.4379	1.9307
0.67274	0.16825	-2.3273	-1.0686	-1.0943	3.3591	1.6196
0.79444	0.45452	-1.5331	-1.1128	-1.2905	3.4066	1.2142
1.4509	0.45775	-0.95305	-2.4158	-0.40809	3.5776	1.0083
1.067	1.4035	-2.5624	-2.6387	-0.59113	3.2852	0.98857
0.2166	0.35426	-2.1186	-2.5113	-0.17232	2.6789	1.41
-0.2491	-0.17991	-1.5711	-2.6032	0.48986	2.1508	1.4074
-0.5136	0.25196	-1.4328	-2.7671	-0.64394	2.2771	2.115
-1.3547	0.30391	-1.5369	-2.1517	0.38247	1.689	1.9965
-1.2483	1.3624	-1.9615	-1.8069	1.1668	1.4757	1.929
-0.068563	1.4674	-1.7417	-1.6055	0.58652	2.0741	2.1611
0.12316	0.54741	-2.194	-1.0106	1.6419	1.8289	2.2683
-0.57138	0.082208	-1.7462	-1.6613	1.4974	1.5489	1.9345
-0.22449	-0.56858	-2.6681	-1.834	1.9962	1.711	1.7455
1.1054	-0.16931	-2.7534	-1.9968	1.6422	1.5579	1.411
0.80799	0.050048	-2.8367	-0.99303	1.1229	2.1423	1.7854
1.0535	-0.29918	-2.8595	-0.38783	1.9162	3.1965	2.0984
1.4035	-0.61647	-2.645	-1.957	1.5056	3.5458	1.5714
0.97647	0.22958	-1.9073	-1.5974	2.5802	2.5169	2.1323
0.93897	1.091	-2.0437	-2.6149	2.7892	3.0396	1.2905
0.5135	0.2283	-1.8492	-1.5402	2.693	2.0375	0.31499
0.7235	1.3601	-2.1033	-1.1601	1.8099	2.0473	-0.50014
-0.07349	1.0982	-2.4901	-1.228	2.2304	3.0711	-0.85761
-0.87354	0.9488	-2.2611	-1.1273	2.3588	2.9351	-1.6955
-0.9679	0.77784	-2.0643	-0.89083	1.8838	2.4904	-1.6708
-0.50767	1.3665	-1.1011	-0.89944	1.8888	1.9033	-1.0514
-1.1196	1.1212	-2.1025	-1.0467	2.5488	1.4934	-0.71718
-1.7474	1.3372	-1.4653	-0.74779	2.4856	0.68094	-0.71358
-1.9974	1.4671	-0.7306	-1.5971	2.3131	0.97352	0.54646
-1.502	0.088579	0.31264	-2.0009	2.2339	0.746	0.52316
-1.644	-0.02152	1.2541	-1.7395	2.3724	1.6988	-0.41304
-1.9485	0.14102	1.4873	-2.158	1.8255	2.7564	-0.2428
-1.131	0.97302	1.319	-2.1862	1.5558	3.095	-0.56362
-0.95607	1.3789	1.9825	-2.3627	1.5433	2.0006	-0.64395
-1.3352	1.0786	2.2353	-2.8368	0.96706	2.6515	-0.3985
-2.328	0.95249	2.724	-2.5869	1.1155	2.3307	-0.97801
-1.5412	1.0683	2.6736	-2.4647	0.86242	2.2858	-1.6318
-1.4573	0.7832	2.0356	-2.7293	0.97183	2.5011	-2.6823
-2.7155	0.067062	2.2138	-2.6174	1.5086	3.1113	-2.3772
-2.2414	1.6355	1.7499	-2.688	1.1689	2.9466	-1.0831
-2.3551	0.97038	1.6884	-2.1581	0.43102	3.4013	-0.92021
-1.3882	0.93788	1.9407	-2.0959	-0.54694	3.4213	-1.7304
-1.9747	1.222	1.3947	-1.8775	-1.3875	2.8892	-1.0196
-2.2794	1.7619	1.9218	-0.62098	-1.5276	3.6395	-0.66064
-2.0639	1.2855	1.3397	-1.0055	-1.434	3.4842	1.0752
-2.7028	0.86359	1.1122	-0.57529	-1.4998	3.0406	1.7349
-2.3924	0.96736	1.7635	-0.38876	-1.9146	3.3402	2.271
-2.8717	1.5313	1.3416	-0.71871	-2.0786	2.5919	1.1483
-2.4303	0.91529	1.1217	-1.03	-1.958	1.248	1.4609
-2.3812	1.5154	2.1315	-1.0685	-1.0423	1.1271	0.58505
-2.0125	1.5965	2.8538	-1.9391	-0.99105	2.2925	0.052201
-1.2426	1.0533	2.1799	-2.3953	-0.57731	2.5826	0.87392
-1.591	0.16725	2.1813	-2.0165	-0.74993	2.8962	0.00055997
-2.043	0.75224	2.0976	-1.6274	-0.06952	1.9279	-0.84014
-2.069	1.0997	2.5531	-2.8609	-0.32813	2.0644	-1.03
-0.93044	0.17399	2.0623	-1.6935	-0.84244	1.5598	-1.0331
-0.44269	1.0714	2.5304	-1.6027	-0.7853	1.5795	-0.64035
-0.3925	1.3717	2.2282	-1.581	-1.0758	1.2924	-0.032433
-0.98536	1.5936	2.3743	-0.35896	-1.503	0.82379	0.016617
-1.2828	-0.075905	2.2344	-0.92096	-0.92876	0.29715	0.79726
-1.3763	-0.47162	2.3126	-0.645	0.068034	0.45328	0.56524
-2.0644	-0.9477	1.1992	-0.83134	1.0904	0.49535	0.96584
-2.1027	-1.3637	1.7161	-0.45129	-0.34785	1.3405	1.4571
-2.0268	-0.62973	2.1623	-0.80183	1.0049	1.5087	2.6293
-2.2201	0.078531	2.2339	-0.31718	1.3416	1.9755	2.896
-1.3929	-0.62006	1.3692	-0.52029	1.4038	1.9595	2.6715
-0.87094	-0.56142	1.625	-0.47765	2.3543	1.4282	1.4688
-0.14374	-0.31324	1.5339	-2.094	2.5777	1.8362	1.0411
0.24361	0.39308	2.0979	-1.9525	2.0119	1.695	1.4844
0.74256	1.2704	2.4188	-1.433	1.8524	1.7129	2.7233
0.74359	0.47755	1.5556	-1.2001	1.1313	0.65627	2.6874
0.75442	-0.37079	1.6878	-1.0682	1.2181	0.48709	2.5254
1.3775	-0.87601	0.89671	-1.3182	0.22628	0.38129	2.8337
2.5901	-0.65259	1.6546	-1.1927	0.86735	0.5572	2.3295
1.4514	-0.070834	2.8908	-1.6583	0.23821	0.38713	2.7229
1.2667	0.1736	2.806	-2.739	-0.19148	0.2259	2.7044
0.53114	0.0062052	2.0942	-1.9221	0.51139	0.28212	1.3786
0.56493	-0.43233	2.6961	-2.0358	0.45172	0.60914	0.80326
-0.098926	-1.4296	2.4397	-1.8343	-0.3251	0.3109	0.20713
-0.25552	-1.7313	2.7951	-0.51197	-0.27323	0.077322	0.47202
0.099058	-1.5864	2.3696	-0.53118	-2.2209	1.5966	0.61223
1.0968	-1.2475	2.7733	-0.27035	-2.0491	1.5869	1.1088
0.70907	-0.17709	2.376	-0.49257	-2.1644	0.99422	0.59902
1.2769	-1.066	1.3726	-1.3083	-2.1481	0.39683	0.99677
1.7496	-1.4282	0.77056	-0.55115	-1.1911	0.99995	0.34042
1.9711	-1.0127	1.2772	-1.3116	-2.027	2.13	-0.56972
2.3113	-0.52515	2.0444	-0.91475	-1.5837	3.1049	-1.5772
2.4265	-0.45632	2.436	-1.9155	-1.6826	2.2337	-1.5923
2.6647	-0.20513	2.72	-1.5704	-1.6648	1.9	-2.6196
2.062	-0.29943	2.8111	-1.3933	-0.60605	2.5283	-1.7432
1.4292	0.77147	2.8052	-1.7398	0.31565	3.3142	-2.2226
1.2547	0.98085	2.8387	-1.61	0.18933	2.5128	-2.4134
1.1943	0.9875	2.0132	-1.1062	1.0764	2.9987	-2.8774
0.72272	1.4082	1.6267	-1.3583	1.0784	3.6358	-2.0183
-0.3216	1.1003	2.3786	-2.3572	0.48591	3.5121	-1.3055
0.5026	0.88777	1.4777	-2.8229	0.82426	2.561	-1.5519
0.059003	0.269	2.6982	-2.5061	1.596	2.5492	-2.2121
0.1941	0.53841	2.6771	-1.9464	1.8267	2.5093	-1.4961
0.8138	0.43338	1.3447	-1.3483	2.2442	2.3943	-1.3774
0.59047	-0.19876	1.0542	-1.1123	2.4274	2.2738	-1.5485
0.68278	-0.4764	1.8359	-1.3892	2.8182	2.4179	-1.743
1.0513	0.861	1.8442	-0.45551	2.074	1.958	-1.8787
1.8629	0.72023	1.5363	-0.86274	1.8579	2.2414	-2.4138
2.8813	1.7335	1.917	-0.8505	1.7808	2.3613	-2.0775
1.2999	1.7192	1.9242	-0.25396	2.7366	2.2615	-1.4498
2.2935	1.1327	0.97652	-1.2485	2.8317	2.1499	-0.058701
2.5133	0.63801	1.4978	-1.6345	2.5712	2.4896	-0.13729
2.0719	-0.24427	1.2279	-1.9421	1.6308	2.2452	0.24315
1.9169	-0.050953	0.37389	-2.2485	2.46	1.7504	0.84055
2.1898	0.35254	0.13789	-2.652	2.6442	2.003	1.8023
0.78636	0.26078	0.055988	-1.8801	2.1358	2.2785	1.1651
0.36674	-1.0773	0.6796	-2.0401	2.1632	2.7917	1.4606
-0.00054879	-1.372	0.35092	-1.199	0.89289	2.9409	1.8511
0.15828	-1.0222	0.043128	-1.5616	0.16562	2.9983	1.6123
-0.015506	-0.095258	0.86484	-1.6406	0.0011908	2.2896	1.3633
0.55898	0.06117	0.21855	-1.9339	0.049306	1.9259	1.1041
0.97091	-0.25195	0.53896	-2.3812	-0.73159	1.4821	0.059767
1.5185	-1.5686	0.85824	-2.4502	0.090657	1.0836	0.8671
2.5518	-1.7079	0.66106	-2.4761	-0.68846	1.597	1.0498
2.6366	-0.95773	1.3191	-2.3692	-0.33899	1.2886	0.97926
2.4162	0.51455	0.73453	-2.313	0.30313	1.7593	0.4934
2.8266	0.82687	1.2051	-1.2368	-0.31996	1.608	-0.069563
2.8795	1.3112	1.7766	-1.5772	0.16613	0.88202	0.13216
2.3105	0.70787	1.3491	-0.98583	0.95643	1.2334	0.083212
2.2405	0.25676	0.62492	-1.5046	0.82856	1.1166	-1.0137
2.7448	0.40463	-0.08524	-1.4468	1.1473	0.53013	-0.81682
2.7414	0.61696	0.27112	-1.3278	1.1738	0.4871	-2.3354
2.0077	0.81338	0.71753	-0.24518	2.1218	0.29207	-1.871
1.4599	0.64477	0.12235	-1.2025	2.5916	0.16282	-0.81728
1.0511	0.54858	-1.2719	-0.70148	2.167	1.1091	-0.56554
0.7901	-0.81386	-0.26576	-0.86139	1.8123	0.53248	-0.39262
1.15	-1.1594	0.48791	-0.60481	1.9249	1.4224	0.70188
0.67836	-1.2779	1.0535	-1.6151	1.3586	1.4203	-0.024831
1.7879	-1.7039	2.0056	-2.4722	1.2317	1.4068	0.40218
1.5245	-1.2011	2.0187	-2.0086	0.77285	0.18206	0.75319
1.8608	-0.77158	0.91261	-2.5735	1.4908	0.14896	-0.22105
2.7957	-0.81524	0.97801	-2.6324	1.589	0.09565	0.65271
2.0165	-0.51914	1.4903	-1.7716	2.2653	0.88123	0.43759
0.74095	-1.0333	1.5709	-2.0071	2.8606	0.72267	0.36401
1.2472	-1.529	2.5625	-0.81878	2.6113	1.4121	0.41125
0.45326	-0.72669	0.8689	-0.52506	1.6826	0.11067	0.78216
0.0067998	0.97311	0.90364	-0.88545	1.6914	0.12856	1.3186
-0.35457	0.67224	-0.26967	-0.42335	1.5815	0.10647	2.4714
-0.982	0.44005	-0.97371	-0.5097	1.678	0.15832	2.0135
-1.5912	0.17035	-1.8914	-1.0452	1.7766	0.61092	1.1
-1.9975	0.91235	-1.7803	-1.0627	2.6989	0.32556	2.3519
-2.8685	0.59951	-1.3463	-1.396	1.5013	0.67619	2.5742
-1.9102	1.0445	-1.3387	-2.6998	1.9354	0.5203	1.9045
-0.59356	1.059	-1.2393	-2.5236	1.3677	0.28845	1.1576
0.47916	0.71065	-1.2302	-2.5413	2.0958	1.1751	1.9727
0.91638	0.34474	-1.096	-2.8756	2.8096	0.85507	1.3472
0.89766	-0.42161	-1.1356	-2.1102	2.2392	0.61039	2.3465
-0.051294	-1.1066	-1.4916	-2.7132	2.436	1.0786	2.8523
-0.60511	-0.86519	-0.45356	-1.1188	2.4515	0.7128	2.3072
-1.0553	0.37578	-0.57338	-0.41758	2.6821	1.814	2.679
-0.70935	0.20596	-0.5625	-0.93155	1.6904	2.416	2.8154
-0.23949	0.19227	0.046471	-1.1271	0.3571	2.6329	2.7278
-0.1465	1.0262	0.12758	-0.265	0.88895	1.995	1.5932
-0.47414	1.2631	-0.092656	-0.26591	0.64485	1.1827	1.2498
-0.040788	0.97485	-0.86155	-0.53016	0.77825	2.1698	1.354
0.73995	1.1705	-1.9475	-0.29023	1.7862	2.3359	1.2958
1.6861	0.87538	-1.0764	-1.5651	1.4005	1.9912	1.1476
2.196	0.9031	-0.55057	-1.2674	1.0151	3.153	1.4068
2.3625	0.84179	1.0936	-0.89363	1.6773	2.9903	0.89783
1.0251	0.93866	0.78041	-1.4673	0.64898	2.9472	0.66438
0.65538	1.1135	1.4541	-2.322	-0.10872	3.4257	0.62422
2.2438	0.50061	0.14743	-2.3982	-1.4175	2.0461	-1.0024
2.3475	0.58079	0.62961	-1.3756	-1.5145	1.1846	-0.35328
1.6938	1.6089	0.32172	-1.1605	-1.6043	1.871	0.73513
2.5223	1.4662	0.43675	-0.29558	-1.3832	1.4261	1.636
2.8355	1.0417	0.83638	-0.55221	-1.6509	1.5963	2.7231
1.8795	0.76839	1.5635	-0.30558	-1.1082	1.0573	2.2257
1.1611	1.4948	1.6135	-0.50946	-0.83662	0.20217	2.067
1.3696	1.1923	0.85094	-1.7072	-1.2001	0.39253	1.2718
1.1728	0.68609	0.68084	-1.8121	-0.80585	0.11635	2.6956
0.67944	0.21995	1.943	-1.6893	-1.8564	0.10667	2.3694
1.2599	0.34321	2.7293	-1.1399	-2.0183	0.53595	2.3769
2.4769	1.6683	2.7795	-1.1737	-2.0024	0.76409	2.5399
2.1691	1.1679	1.659	-1.4895	-2.8381	1.4889	2.1996
2.6586	1.6033	0.93748	-1.8125	-2.3523	0.44569	2.6726
1.7196	0.53122	0.20339	-2.1348	-2.327	2.1907	2.4008
2.2314	0.1507	-0.15782	-2.674	-2.2903	3.0997	2.2429
2.7913	-0.99138	-0.75307	-2.3882	-1.8606	2.2919	2.5688
1.4104	-1.7424	0.37142	-2.2385	-0.3481	2.9922	1.9646
1.3142	-0.38236	0.42373	-1.89	-0.76237	2.6827	2.0574
0.50397	-0.29711	0.77057	-1.7741	-1.1592	2.8289	1.9185
0.5732	0.20505	0.47531	-1.9711	-1.7766	2.0386	1.7289
0.95098	0.51174	0.49693	-2.0295	-1.545	2.1567	1.5645
1.5012	-0.58699	1.024	-1.8422	-2.1236	2.2869	1.7182
0.87543	-0.20649	0.64019	-2.4915	-2.0521	3.5785	1.3316
0.87509	-1.5123	1.8026	-2.7066	-2.2849	3.6	0.50947
-0.37197	-1.5428	1.4491	-2.692	-1.9634	2.9943	1.981
-1.2622	-0.31677	1.8362	-2.3448	-2.1279	3.0799	1.0495
-1.4162	1.3784	1.2738	-1.8396	-2.6626	3.5742	1.0693
-1.042	0.39944	1.3699	-0.26721	-2.7824	3.3305	1.357
-1.0087	1.0674	0.18295	-0.35322	-2.27	3.0216	1.0932
-0.52404	0.33363	-0.44472	-0.50076	-2.8454	2.4994	2.5419
0.2634	1.1943	-1.6767	-1.7651	-2.1976	2.5567	2.2591
0.20509	1.7143	-2.2512	-1.2071	-2.1373	3.3148	2.4296
0.72534	1.5022	-2.8476	-0.2892	-1.7509	1.3477	2.8143
0.95665	0.36737	-2.6979	-0.28755	-1.491	1.0212	1.6714
1.6975	0.60818	-2.2039	-1.0067	-0.72709	0.89906	1.5956
1.0217	1.6052	-2.6078	-1.0093	-1.555	0.64507	1.4126
2.2307	1.5275	-1.8203	-1.5639	-2.1215	1.29	0.48246
1.9184	0.38576	-0.72662	-0.70049	-1.2527	0.40335	0.50741
1.2544	0.84362	-0.48548	-1.5256	-0.39285	0.71415	0.34001
0.9434	0.54223	-0.84392	-1.0506	0.12275	0.97609	-0.85885
1.1324	0.51226	0.35846	-0.43817	0.51627	1.5499	0.12545
1.9029	1.3072	0.86303	-0.52878	0.64496	0.29409	1.3117
2.8502	1.5289	1.4579	-1.0076	0.084521	0.1951	1.4911
1.7966	1.7574	2.1543	-2.0262	0.88636	0.97969	2.4856
1.5575	1.5464	1.9177	-2.2723	0.29254	2.3016	2.6748
2.3314	0.495	1.6128	-2.3796	1.0643	2.6277	1.4912
1.6699	-0.49198	2.3043	-2.559	0.43715	2.6622	1.2671
2.3147	-0.80856	1.1975	-1.6726	0.63079	3.3517	0.8837
1.5765	-1.5871	0.12143	-1.3671	1.38	3.0506	0.88032
1.0006	-1.498	0.69732	-1.3002	1.0511	3.5793	0.2583
-0.058437	-0.13074	0.22393	-1.931	1.0605	3.4292	-0.05471
-0.22389	0.70367	-0.57826	-0.53872	0.64953	3.5803	0.36962
0.37338	1.5461	-1.1354	-0.6534	0.048497	3.6018	-0.97496
1.7689	0.74809	-2.1629	-0.8667	0.1443	2.7397	-0.86894
2.4736	1.2338	-2.8122	-1.6106	0.36671	2.627	-1.0914
2.8335	1.3926	-2.2217	-0.53009	0.77651	3.4778	-0.39227
2.0675	0.50525	-1.9734	-1.4025	2.5816	3.6122	-0.53039
1.3406	0.26677	-2.8263	-0.76985	2.6541	2.8628	-0.95518
1.6516	-0.88464	-2.8571	-1.4557	2.8828	2.3045	-1.3601
1.8553	-0.92343	-2.0489	-0.78075	2.347	2.493	-0.87794
1.3488	-1.4777	-1.9292	-0.61754	2.3151	3.279	-1.3275
0.53318	-0.80809	-2.0698	-1.1725	2.4304	3.3928	-1.0079
0.090912	-0.57495	-2.6107	-0.66968	2.43	3.4523	-1.1452
-0.038249	-0.16821	-2.8324	-0.39826	1.6382	3.527	0.097938
-0.34772	0.058033	-2.2912	-1.0408	0.61787	1.9549	0.88566
0.85686	-0.11869	-1.4931	-0.38375	-0.14333	1.689	1.6192
1.4221	-0.31363	-1.6047	-1.0599	-0.29773	2.3859	1.8393
1.2015	0.10798	-0.70732	-1.5913	-0.9761	2.3742	2.4716
1.4017	0.089059	-2.1664	-2.6089	-0.40926	1.7157	1.9744
1.6124	-0.21114	-2.2677	-2.6759	0.7233	1.1992	2.025
2.4107	-0.41119	-1.2178	-2.1666	1.6146	1.4642	2.0396
2.8787	-0.66956	-1.324	-2.353	2.0894	0.53137	1.8403
2.1741	0.6684	-1.5543	-1.6008	0.90907	0.81263	2.7737
1.9131	0.84749	-1.8312	-0.63906	1.1209	0.31967	2.5314
2.3861	0.7375	-2.1396	-0.93396	1.9856	0.10372	2.2705
2.3103	1.2915	-2.4575	-1.8032	2.3647	0.39658	2.4835
1.673	1.6491	-2.8218	-0.4938	2.4587	0.96601	2.7025
2.0773	0.69698	-1.0781	-0.64311	2.1553	0.9683	2.5487
1.5582	0.31545	-0.48921	-0.72915	1.8538	1.6679	2.7894
1.027	-0.80083	-0.78211	-0.7555	2.6097	1.463	2.7568
1.7129	-0.6205	-1.1748	-0.89009	0.79624	1.5011	2.4618
1.1978	-1.3307	-1.1612	-1.0869	1.465	2.0317	1.2892
0.93746	-0.93246	-1.66	-0.29795	1.3458	1.766	0.88751
1.2169	-1.4187	-1.6135	-1.4808	0.69173	1.6278	0.24421
1.1584	-0.8627	-1.0808	-2.1173	0.44969	1.6019	0.16644
1.6278	-1.6456	-0.55968	-2.3776	0.56021	2.429	0.0035056
2.8436	-1.6834	-0.60717	-1.4036	0.37019	1.7576	-0.32703
2.8025	-1.334	-0.5934	-0.9915	1.2726	2.5248	0.1048
2.879	-1.5668	-1.0299	-0.28392	1.6169	2.6614	1.3677
1.8389	-1.363	0.20682	-0.72007	0.82078	2.1439	1.0312
1.5519	-1.1366	-0.235	-1.2455	-0.1691	1.8434	1.0887
1.7091	-0.84606	-0.50304	-0.40389	-0.82333	0.29893	1.5803
2.3881	-0.92239	-1.0255	-1.1938	-0.63721	0.25948	1.6741
2.3756	-1.5019	-1.8618	-0.83717	0.78665	0.5807	0.7305
1.354	-0.6475	-2.5302	-0.59725	0.9203	0.59268	0.86718
1.5871	-0.55516	-2.5309	-0.96247	0.56717	0.22371	1.6964
2.4064	-0.6273	-2.7919	-0.44195	0.87242	1.6283	1.4314
2.1977	-0.70574	-2.8636	-0.2539	0.47643	1.0596	0.40154
2.2856	-0.39895	-2.1343	-0.79236	1.7936	0.92959	-0.14908
2.2674	0.44192	-2.5471	-0.29292	2.2895	1.1594	0.25031
2.1956	0.17069	-2.5689	-0.74115	0.92135	0.4911	-1.278
1.3293	-0.29934	-2.634	-0.63597	1.7552	1.9351	-1.6496
2.6256	-0.15905	-2.408	-1.2437	1.862	2.4038	-2.0524
2.0978	-1.3727	-1.5588	-1.6366	2.4222	2.2301	-1.4237
1.9143	-1.5421	-1.5228	-1.2875	1.9088	2.5441	-2.6223
1.4119	-1.1952	-1.1603	-0.96008	1.4378	3.5325	-2.5389
1.3563	-0.29798	-0.16958	-1.1967	1.4815	3.3332	-1.3049
1.5804	0.097334	-0.82243	-1.9957	2.3285	2.4934	-1.0097
0.96018	0.54814	-1.473	-2.6011	2.6261	2.9424	-1.3957
1.7678	0.81165	0.56471	-2.5985	0.27	3.2632	-1.4185
1.9309	-0.41046	0.062001	-2.1688	-0.61501	2.9254	-2.3163
1.2965	-1.6006	0.49522	-2.0982	-0.49478	3.5164	-1.7472
1.1094	-1.3017	1.1867	-1.6717	0.069568	3.2393	-2.6802
0.70281	-0.8397	1.4654	-0.30668	-0.82954	3.2021	-2.4247
-0.097213	-1.1706	2.6575	-0.30614	-1.1329	2.4656	-1.999
-0.69358	-0.87475	1.5904	-0.33137	0.21536	2.8627	-2.1076
-1.0883	-0.67097	1.2688	-1.0741	0.30885	3.2306	-2.5227
-0.71422	-1.3453	2.7223	-0.88946	0.36099	3.3754	-2.004
-1.0381	-1.1731	2.0133	-1.6115	1.1594	1.8889	-1.1949
-0.12524	-0.51872	1.6878	-2.6282	1.9738	2.3118	-0.85107
-0.9843	0.039289	2.5169	-1.9668	2.6453	1.3781	0.027643
-1.7206	-0.86007	1.9226	-1.7275	2.6033	2.1919	0.25986
-2.3212	-1.1253	1.9629	-2.0003	1.4565	3.3176	0.091447
-1.972	-1.2934	1.4778	-1.2117	1.1539	3.568	-0.50138
-2.4037	-1.3171	2.8221	-0.34355	2.163	2.8301	0.40015
-1.5794	-1.2301	2.8188	-0.34475	2.0886	1.6239	-0.11966
-1.2977	-0.32378	2.8043	-0.60517	2.5206	1.1576	-0.58556
0.24318	0.82635	2.776	-0.93244	2.763	0.57958	-1.6478
0.17796	0.8189	1.8911	-2.2886	2.4487	1.3909	-2.6768
0.66995	0.58684	0.24616	-1.8572	2.4022	1.0523	-2.4059
-0.24465	0.80189	0.99078	-0.26104	2.7245	1.714	-2.4552
0.27067	1.0527	0.37383	-0.50412	1.9908	3.0674	-1.7454
0.20104	-0.82738	0.10449	-0.59971	2.7319	3.1921	-2.5919
-0.54681	-1.1869	-0.75926	-1.2996	2.6822	3.6336	-2.492
0.30304	-1.1007	-1.1708	-0.9599	2.6713	2.3406	-1.6773
-1.3736	-0.67726	-1.2185	-0.51481	2.4212	1.9289	-0.030295
-1.7211	0.16492	-1.5796	-1.0838	2.0996	1.8817	-0.11686
-0.73981	0.24336	-0.74448	-1.2537	1.1314	1.4007	-0.69995
-1.6608	-0.71564	0.44041	-0.87713	1.8616	1.8172	-0.17431
-1.2998	-1.6183	-0.29867	-0.31718	1.256	1.8372	0.25914
-2.5429	0.12208	-0.074428	-0.77497	1.0267	2.578	-0.83538
-2.2271	1.2957	0.30461	-0.58522	2.7531	2.294	-1.3016
-1.3193	1.1653	0.93602	-0.40001	2.6058	1.6269	0.087083
-1.3172	0.89539	1.6156	-1.0826	2.0079	2.392	1.4588
-0.95542	0.79881	1.4539	-1.6982	1.391	3.0133	2.6705
0.28469	0.020708	1.7561	-1.5466	1.4945	3.5897	2.3951
0.31057	-0.80837	1.6938	-2.8127	1.0467	3.2071	2.8497
0.18804	-0.95823	2.7826	-2.2609	-0.1939	2.3478	2.8662
0.12674	-0.3767	2.8255	-1.1526	0.44825	2.813	1.7315
-0.87026	0.10271	2.8533	-2.6171	0.75645	2.2416	1.5912
-0.66196	0.18501	2.2696	-2.2036	1.2699	0.25963	1.5888
-0.8661	-0.85016	1.8973	-2.1719	1.5553	0.39924	1.1885
-1.2416	-0.48448	1.3644	-2.3002	2.3541	0.12974	1.6266
-1.7937	0.51844	1.6702	-2.8754	2.8025	0.098007	1.8051
-2.2752	1.3233	2.1301	-2.7346	1.5952	0.43246	1.5715
-1.7433	1.3054	1.1483	-2.2989	0.57996	0.13889	1.2357
-0.31648	0.6856	1.4283	-2.4964	0.9671	0.58155	1.0031
-1.156	-0.74233	1.6506	-2.2576	0.27595	0.85362	0.95538
-2.0313	0.16512	2.1163	-2.451	-0.36901	0.80894	1.1631
-1.1767	1.3955	2.8449	-2.6744	-0.88633	0.38793	0.75699
0.42462	1.5415	2.5429	-2.485	-1.9814	0.93209	1.7333
1.2734	1.7129	2.7404	-2.6669	-2.4731	1.7626	0.98642
2.0827	0.71751	2.4305	-1.2848	-1.0578	1.8982	2.1015
2.4625	0.48256	2.7767	-0.76923	-0.10117	2.1789	1.7947
2.0836	-0.0091872	2.158	-1.0121	0.75129	2.3403	2.4434
1.5162	-0.85632	1.0877	-1.2172	0.22116	2.7181	2.4363
1.8487	-0.79695	1.7782	-1.7197	-0.44363	2.7211	2.731
2.0111	-1.6428	1.6029	-2.0152	-1.3891	2.4046	2.7017
1.5893	-0.70205	1.6292	-0.52291	-1.8131	3.0758	2.1347
2.8524	-0.35237	2.543	-0.27533	-1.2164	3.3076	1.9306
2.0054	1.0532	2.1844	-1.0104	-1.9274	3.3522	1.5646
1.809	0.77982	1.8828	-0.53899	-0.90572	1.7697	1.0024
2.1235	-0.62603	1.5233	-0.56111	0.030375	1.7624	1.0713
1.5936	-0.13481	2.427	-0.87653	0.27182	0.83494	0.33259
2.2147	-1.0321	2.6849	-0.44373	-0.63065	0.17944	0.89224
2.0771	-0.84518	1.2341	-1.6834	0.091315	1.2447	-0.59517
2.7455	-0.23833	1.6575	-1.3111	0.89502	0.29017	-0.83301
2.4143	0.43732	1.4403	-0.83525	-0.28421	0.28651	-0.99384
1.6582	-0.72007	0.30014	-0.45983	0.76534	0.47522	-1.9079
1.5157	-1.6208	0.44533	-1.038	0.17488	1.8307	-1.5098
2.4293	-0.78759	0.71708	-1.5926	0.037249	1.2537	-2.8077
2.4751	-0.64094	0.77977	-0.9607	-1.6798	1.4509	-2.2177
2.8322	0.35421	-0.46368	-0.41686	-0.77542	2.176	-1.8614
2.6073	0.33908	-0.91011	-0.31559	-0.27868	1.1018	-0.61774
2.4959	-0.58026	-0.97245	-1.6227	1.1434	1.3263	-1.4617
2.8493	-0.65253	-1.4379	-1.7172	2.26	0.34597	-1.0681
2.8469	-0.043985	-0.62031	-0.7889	2.7878	1.0955	-0.30268
1.8114	0.98932	-0.34552	-0.89539	2.3771	0.57288	1.8678
1.2218	1.2977	1.4022	-0.33079	2.5575	0.68906	1.2222
0.94476	1.6505	1.4533	-1.3236	2.7709	2.0634	1.4808
0.39839	0.86282	1.8209	-0.49541	2.2245	2.9246	2.6923
0.01099	-0.54961	2.2744	-1.5956	2.7201	2.6306	2.2116
0.99375	-0.56446	2.8032	-1.8187	2.6458	2.9255	2.5984
2.4133	0.69744	2.2433	-1.2993	2.7633	2.9769	2.7104
2.8213	0.67502	0.77589	-1.7661	1.9726	3.5107	2.6448
2.8937	0.2842	1.5182	-1.9069	0.29846	3.3297	2.3666
2.7177	1.223	0.18439	-1.4904	-0.17684	2.7775	2.4681
2.2674	0.89697	1.7373	-2.5429	-1.306	3.4387	2.8717
0.83694	-0.43014	0.66894	-2.7017	-1.6846	1.1951	2.196
0.92528	-0.44734	0.689	-2.4653	-2.083	0.54444	2.6614
0.31188	0.043071	0.16877	-2.8945	-1.0576	1.4316	2.2162
-1.5457	1.758	-1.0727	-2.3596	-1.3793	3.0047	2.1859
-2.1332	1.5414	-1.0982	-0.692	-2.7039	3.161	2.3475
-2.3881	1.7286	-2.4097	-0.76878	-1.9886	3.5209	1.7486
-1.8538	0.66015	-1.8071	-0.5913	-0.84013	2.6817	1.9942
-1.873	0.24658	-2.2847	-0.75051	-1.0522	2.7714	2.4923
-1.7429	0.56546	-1.6335	-1.1464	-1.302	1.6158	2.8159
-2.313	0.27016	-0.28158	-1.1078	-1.2397	2.6865	2.1929
-2.6959	0.22389	0.18854	-1.3407	-1.4687	2.7767	1.5878
-2.6943	0.50891	0.22869	-0.25473	-0.468	3.489	2.8548
-2.6122	-1.3012	-1.1702	-1.3945	-0.32284	3.3994	2.8928
-1.3298	-0.72713	-1.2692	-1.4249	-0.085234	2.7615	2.6489
-0.91754	-0.072642	-1.3219	-0.58122	-0.41309	2.7694	2.2575
-0.51416	-1.1506	-2.4764	-0.32722	-1.243	3.0335	2.0886
0.74235	-1.5923	-2.2737	-0.86399	-1.0897	3.293	1.8836
0.35732	-1.3364	-1.4032	-0.62972	-1.8638	3.4715	2.1958
0.51236	-0.45841	0.027145	-0.68923	-1.6212	3.5103	0.81268
-0.4733	-1.5998	0.69267	-1.6687	-1.5853	3.502	0.60902
-1.5748	-1.6979	0.99103	-1.3885	-2.4224	3.5065	1.8617
-1.5905	-0.71097	2.8671	-0.72208	-1.0823	3.4369	1.1714
-0.63832	0.43146	1.8255	-0.35835	-0.025099	3.1035	0.25626
-0.48386	0.66313	1.2265	-0.34154	-0.53896	1.9748	1.2035
-0.85476	1.3018	0.6468	-0.24552	-1.2893	1.1283	2.126
-0.8925	0.93591	1.7305	-1.2092	-1.4164	0.075277	2.0252
-0.55229	0.54009	2.3238	-0.29839	0.23279	0.21557	2.4586
0.096644	0.12689	2.7411	-0.26692	1.7619	0.91539	2.5765
0.89147	0.15082	1.5123	-1.0909	0.080735	1.6103	1.9985
-0.41496	1.4315	2.7155	-0.96428	0.083911	1.8883	2.0477
-0.33172	0.77123	2.7348	-0.63507	-1.1282	3.4636	2.5564
-1.3721	-0.041047	1.5508	-0.27131	-0.85256	1.4434	2.7304
-1.2143	-1.6254	0.80971	-1.9551	0.3446	0.83018	2.6746
-2.0074	-1.5064	0.44585	-1.9821	2.5221	0.21716	2.2545
-1.8748	-1.0243	0.17754	-2.2171	2.7665	0.21782	1.6568
-0.53912	-1.2878	0.47479	-2.5689	2.5608	1.2311	1.2807
-0.38167	-1.3876	0.46735	-2.748	2.2641	1.0573	-0.15679
-0.65915	-0.86738	1.5582	-2.4141	2.8887	1.2248	-2.1981
-0.55961	-1.6642	2.0813	-0.58355	2.4943	2.2361	-1.7325
-0.76031	-0.073046	2.2585	-0.70013	2.1458	3.4762	-1.272
1.0687	-0.33823	2.6688	-0.78265	1.0488	3.4023	-0.41589
2.4583	-1.3856	2.371	-0.72297	0.83217	3.661	-1.6527
2.7023	-1.3629	0.9841	-0.5578	1.3775	3.4426	-0.19618
2.4984	-0.28067	0.51562	-2.3155	2.7941	3.594	-1.4914
2.5582	-0.88177	0.4796	-0.87612	2.698	2.7349	-2.8691
2.2041	-0.1852	1.8572	-0.69963	2.156	1.0588	-2.3809
2.4574	-0.32876	2.7265	-1.7911	2.6459	1.7018	-2.4405
2.0883	1.4966	2.5679	-2.8667	2.4896	1.0631	-2.3522
1.8525	1.0624	1.29	-2.809	0.84074	2.1005	-2.8716
2.5137	0.26613	-1.1075	-2.5699	1.1473	3.52	-2.5971
0.97224	0.4131	-2.4254	-2.1894	0.58812	3.5002	-1.536
1.1523	-0.70462	-1.4496	-0.90376	-0.43034	2.7068	-0.20204
2.1609	-1.5636	-1.7436	-0.43384	-0.27969	2.8836	-1.377
2.7017	-1.7359	-1.4073	-0.49346	-0.38923	1.9716	-1.5044
2.3953	-1.4324	-1.1765	-0.8542	0.10994	2.2885	-2.2067
0.69954	0.35145	-0.95343	-0.73361	-0.63154	3.2386	-2.873
1.0063	1.3414	0.34111	-0.90037	-1.7572	3.5083	-2.7729
1.1755	0.8678	0.4301	-1.2501	-1.741	3.3066	-2.3295
0.35084	1.6093	1.3178	-0.44775	-2.5884	2.6777	-2.4209
-0.77989	1.1701	2.6376	-0.68376	-2.411	2.2651	-1.7259
-0.44402	-0.46646	1.571	-0.7736	-0.55975	1.4515	-1.517
0.57995	-1.6444	2.5029	-0.31078	0.061795	0.58564	-1.9525
1.2802	-0.85052	2.6908	-0.43686	-1.9654	0.33571	-1.7149
0.97484	-0.22584	2.8291	-2.2784	-1.5838	1.5754	-1.7611
-0.071649	-1.3359	1.7722	-2.397	-0.34974	1.8942	0.0045299
2.0656	-1.7311	1.7737	-2.8634	0.27118	1.4976	-1.2254
2.7293	-0.45745	0.89938	-1.0891	-2.1633	3.5485	-1.4923
1.8857	-1.2327	0.54746	-0.89147	-2.1831	3.6222	-2.5001
1.466	-1.7416	1.4397	-1.015	-1.0983	3.566	0.5597
1.1675	-0.27032	0.70845	-0.38613	-0.32221	3.6357	1.9593
-0.24661	-0.07586	-0.57865	-0.65814	-0.92244	1.6709	0.037024
0.59266	1.4302	-1.9454	-1.9798	-0.14525	1.3236	0.44651
-0.63889	1.708	-2.5508	-0.80927	-0.68332	2.2526	0.28844
-1.4676	0.49919	-1.8807	-0.62675	-0.39347	3.4899	0.6561
-1.3178	1.581	-2.8075	-0.54368	0.89289	3.5021	-0.67935
-1.8371	0.93245	-1.9718	-1.8471	2.2035	3.2924	-0.04866
-2.399	0.22215	-2.7344	-1.3385	2.1572	3.3054	0.57915
-2.3208	1.4901	-2.8754	-0.72602	2.1656	2.8693	2.3512
-1.4805	0.50194	-2.5369	-1.0042	2.8825	2.6313	2.6653
-1.3158	-0.082701	-2.3339	-1.0865	2.2192	3.3805	2.6851
-1.4338	-1.4655	-2.3588	-0.27676	2.7962	3.2481	1.5111
-1.0656	-1.6367	-1.3863	-2.0136	2.707	1.6143	1.3252
-1.2965	-1.3455	-2.1291	-1.8861	1.2806	2.1354	2.4011
-0.5621	-0.98426	-2.6191	-1.6598	0.40815	2.6927	2.726
0.95505	-1.6859	-1.1345	-2.5692	0.50996	2.2757	1.6852
0.19483	-0.9862	-1.1566	-1.923	1.9041	3.0384	0.42558
2.0384	-0.94047	-1.2195	-2.4853	2.7968	3.0588	0.57907
1.4519	-0.88367	-0.62262	-1.3923	2.7415	3.4032	1.7191
1.854	-1.4581	-1.7101	-0.8839	2.1823	3.259	2.58
1.8916	-1.4505	-2.7838	-0.51136	-0.09911	2.9975	2.4768
2.743	0.56627	-2.3654	-0.8264	0.21893	2.7348	2.8237
2.3909	0.92612	-2.7658	-0.43904	0.4194	3.2903	2.2288
2.0845	0.79949	-2.5775	-0.94067	1.1261	3.3214	2.4347
2.5614	0.91717	-2.755	-2.4789	0.46968	2.1777	1.588
2.6556	1.3466	-1.722	-2.6641	-0.24282	0.50903	1.7771
1.6938	-0.38548	-0.13974	-2.4559	0.32921	0.25198	1.0507
2.6172	-0.0012019	0.75431	-2.8494	-0.74077	0.10264	0.27071
1.1109	1.6754	2.3498	-1.1112	0.50239	1.5807	0.21831
2.6768	0.87719	2.7991	-1.2756	0.48665	2.9156	-0.70953
2.5184	1.3075	-0.12729	-0.31036	-1.8234	2.2506	-0.24607
1.5526	1.0293	-2.6766	-0.90132	-0.66567	1.5728	-0.78034
1.2099	1.745	-2.1234	-2.8533	1.3969	0.75211	-0.83936
0.050842	1.6778	-2.3499	-2.0264	2.8722	1.848	-0.21814
-0.97346	1.7148	-1.4424	-2.8041	2.1389	2.245	-0.11398
-1.1265	1.4895	-2.8332	-2.4303	1.7441	3.1339	1.8115
-2.8798	1.5761	-2.1247	-1.3645	0.60583	2.8986	2.1043
-1.603	1.6188	-1.4089	-0.25965	1.9891	2.1719	1.5999
-1.825	1.5283	-1.3519	-0.58699	0.69792	0.32475	1.9872
-0.53842	0.45053	-2.4564	-1.0185	2.301	0.9804	2.32
-0.047103	1.5177	-2.5814	-2.0768	2.1891	0.20202	2.6712
-2.1196	-0.83403	-1.4072	-2.5406	2.1065	2.1618	2.556
-0.82963	-0.078204	0.35762	-2.4143	1.5894	2.1178	2.8663
-1.2272	-1.1781	0.90788	-1.5535	2.6338	2.3359	2.2227
-1.3501	-0.75924	0.61995	-2.7717	1.9444	3.5531	1.4492
-1.5409	0.90198	1.6975	-2.6909	2.4845	2.931	0.47311
-1.1856	1.4031	1.6072	-2.4309	2.4591	3.0951	-1.7777
-0.42728	1.4523	1.5241	-1.1422	2.0011	0.29305	-2.8585
-2.8193	0.11277	-0.40367	-1.0881	2.7855	1.2822	-0.67725
-2.6626	0.47282	1.2192	-1.584	1.4591	1.3478	0.38865
-2.2342	-0.16701	0.2045	-0.72168	1.9902	1.1576	2.1302
-2.617	1.7396	2.1585	-0.90829	1.83	3.1009	2.2333
0.24392	0.70393	2.8178	-2.6582	2.604	0.24472	2.6055
-0.18073	-1.2477	-1.6386	-0.58541	2.5631	0.45493	0.018427
2.5277	-0.73554	-2.0632	-0.47432	2.4598	0.70506	-2.6775
-2.1971	1.3243	2.1281	-1.6873	-2.6469	0.60858	2.8404
1.8378	-1.511	0.72603	-0.8353	-2.8223	0.97087	2.7657
2.7977	-0.18447	2.7834	-0.65315	-2.6908	1.5934	2.6541
-2.5662	0.70189	-2.233	-2.1959	-2.8109	0.37234	-0.67102
-2.2685	0.47916	-0.96273	-2.321	-2.8825	0.093519	0.099958
-1.4893	0.53721	0.48405	-2.2511	-1.8319	0.24516	0.16225
-2.1302	1.0415	1.3031	-2.6618	-2.4768	0.14202	-0.22078
-2.4915	-0.080277	1.3023	-2.2388	-1.8092	0.25621	-0.3699
-2.852	0.30815	2.0211	-2.4974	-0.95358	0.81734	0.036869
-1.8973	-0.054567	2.5338	-1.5453	-1.644	0.25481	0.86893
-2.1201	0.758	2.3256	-1.1815	-2.0437	1.2226	-0.097308
-2.1496	0.64822	1.2242	-1.824	-2.8599	1.3183	0.42848
-2.6309	0.25792	2.0217	-2.0537	-2.7917	1.5801	1.0839
-1.958	0.11264	0.63848	-1.4555	-2.4914	0.41894	1.6995
-1.9838	0.34234	0.44843	-0.73061	-1.6397	0.68985	0.94812
-2.3903	0.92321	0.19568	-1.0187	-2.1969	1.4327	0.49868
-2.6613	0.98474	0.5642	-1.6535	-1.5249	1.788	1.4644
-2.1801	0.56163	-0.086943	-1.5784	-0.81601	0.60556	1.1622
-1.4467	-0.042084	0.71903	-2.1582	-0.99028	0.47615	1.559
-1.2045	-0.85385	0.58381	-1.0649	-0.13149	0.48421	0.8116
-1.0885	-1.0416	0.691	-1.6662	0.66827	0.091926	-0.091832
-1.3945	-1.2241	0.84528	-2.3905	1.6178	0.88018	-0.23998
-1.8746	-1.4744	0.81406	-2.2943	2.6012	0.60313	-0.57569
-1.1825	-1.5896	1.2041	-2.5604	2.3106	0.26951	-1.3674
-2.5406	-0.99834	1.4776	-2.2941	2.0215	0.71353	-1.2136
-1.5387	-0.58165	0.61809	-1.5704	1.8474	0.92503	-0.8025
-1.6005	-1.2075	0.49977	-1.5203	2.0148	2.0759	-1.4111
-2.0013	-1.4895	-0.24667	-1.8364	2.2842	2.0138	-1.4077
-2.0685	-1.484	0.023891	-1.4944	1.4698	2.7351	-1.8701
-0.90437	-1.3297	-0.11619	-1.7392	1.0314	2.4494	-2.1274
-1.438	-0.26126	0.052859	-2.1585	0.22184	2.9552	-2.1888
-1.5447	0.075034	-0.68742	-2.1518	0.19164	2.3624	-1.7293
-1.6359	0.26563	-0.17094	-1.5557	0.043493	1.2328	-2.2473
-2.5553	-0.55506	0.16594	-2.0081	0.43575	0.90774	-1.9978
-2.2903	-1.0513	0.32048	-1.4424	-0.49931	1.446	-1.1323
-2.3778	-1.3242	-0.17146	-1.5093	-0.90835	2.1657	-0.91865
-1.7058	-1.3572	-0.87929	-1.2451	-1.6858	1.6545	-1.0948
-2.2272	-1.6662	-1.8411	-0.67032	-1.8833	1.2605	-0.59164
-2.0968	-0.85555	-1.2356	-1.8042	-1.7094	1.2905	0.019846
-1.7927	-0.27334	-1.103	-1.2122	-1.9046	0.44764	-1.1399
-1.3246	-0.51564	-0.79007	-1.1541	-1.2768	0.28542	-0.75918
-1.4172	-0.94956	-1.454	-1.766	-1.1658	0.3534	-1.7459
-1.4838	-0.31218	-1.3634	-1.6497	-0.67065	0.82046	-2.4489
-1.02	-0.28677	-1.7846	-2.3659	-0.10117	0.9305	-1.9114
-0.88401	0.29362	-2.0034	-2.6863	0.5064	1.3736	-1.6631
-1.0626	-0.11807	-2.1001	-2.6476	0.22687	0.56244	-0.94017
-1.5323	-0.058077	-1.399	-2.8623	0.88684	1.4997	-0.45376
-2.1353	0.17982	-1.0632	-2.0911	0.9195	1.5383	-0.056911
-0.94714	-0.33808	-0.67549	-1.9984	0.47933	1.8612	0.20007
-1.1957	-0.79348	-1.4618	-2.0913	1.4138	0.87452	0.060939
-0.0068192	-0.45864	-1.4255	-2.0742	1.7847	1.2399	-0.048314
-0.29522	-0.11773	-1.8552	-1.9621	1.9262	0.11688	0.87237
-0.74627	-0.761	-1.6066	-2.7563	2.3076	0.78675	1.2416
-1.1681	-1.2571	-2.1381	-2.7188	1.753	1.71	0.58627
-1.19	-1.0771	-1.8243	-2.4092	1.6461	1.9501	1.557
-1.0342	-1.5865	-1.5055	-2.7024	0.59504	1.8275	2.2258
-1.5869	-1.6223	-2.3809	-2.0393	0.61987	1.6089	2.3098
-1.7737	-0.81137	-2.5377	-1.7814	2.0151	1.3324	2.4648
-1.814	-1.4829	-2.3702	-0.8956	2.4614	0.46004	0.74601
-1.7705	-0.1651	-1.6837	-1.631	1.3011	0.20952	0.74421
-2.4454	0.25283	-0.69315	-0.80588	1.3605	0.22457	0.41747
-2.2613	0.88362	-1.6543	-1.064	0.84837	0.7889	0.23264
-2.2671	1.4806	-2.728	-1.2861	1.284	0.35049	1.3002
-0.61623	1.6228	-2.7098	-1.8949	1.1626	0.82448	0.19501
-2.2347	1.4856	-2.7159	-1.9547	0.36664	1.7592	0.13188
-2.5481	1.0606	-2.8408	-2.7072	-0.84748	1.5258	-0.36408
-2.8468	0.57485	-2.0471	-2.3653	-1.3146	0.84911	0.51159
-2.4939	0.51804	-1.8738	-2.4318	-0.3426	0.81283	1.8538
-2.785	-0.052131	-1.7442	-1.9301	-0.78697	2.0021	1.5495
-2.6302	-0.64194	-1.5365	-1.8795	-1.293	1.7833	2.5784
-1.9572	-0.63959	-0.90608	-1.8114	-0.66518	1.9293	2.5083
-1.764	-0.68823	-1.0555	-1.2916	-0.20078	1.4035	2.5419
-2.0977	-1.4085	-0.34165	-1.0933	-0.51998	1.2361	2.7592
-2.7779	-0.62682	-0.75431	-2.3586	-0.048294	0.61227	1.9959
-2.6387	-1.1057	-0.60207	-2.4851	0.99976	0.71913	2.15
-2.7831	-1.2875	-1.1577	-2.2799	0.84947	1.4304	1.4216
-2.7456	-1.1222	-0.41823	-2.3053	1.0963	1.1775	-0.28933
-2.0748	-0.6781	-0.024977	-2.8745	0.24969	1.4764	0.29878
-1.3798	-1.5124	0.58347	-2.8074	0.21445	0.87185	1.0146
-1.3429	-1.5752	1.695	-2.3896	-0.55112	0.42193	1.727
-2.7473	-1.725	1.773	-2.6398	-0.95678	1.5475	2.8491
-2.4514	-0.69203	0.96798	-1.2236	-2.4329	1.3906	2.4404
-1.9644	-1.6464	1.5205	-1.1511	-2.5371	0.49141	1.6775
-2.6989	-0.8638	1.4998	-0.46678	-1.1606	0.14397	1.0762
-2.6441	1.0728	1.0488	-0.71155	-2.1293	0.26882	1.9674
-2.3726	0.085573	-0.90899	-0.88175	-2.4389	2.0037	1.0647
-2.4426	1.3097	-1.2709	-1.5777	-2.2413	2.4569	0.41756
-2.5952	1.3469	-0.73515	-1.7578	-1.7005	2.6216	0.20296
-2.4632	0.88428	-2.6052	-1.5305	-1.8823	2.8128	0.55461
-2.3584	0.92043	-2.8699	-2.6925	-2.1512	3.4425	1.561
-1.8014	0.052057	-1.3352	-2.5127	-1.1654	3.1537	2.0725
-0.79414	-0.67733	-0.604	-2.4881	-1.9502	3.1365	1.5631
-1.1238	-0.93305	-0.20678	-2.1808	-2.5266	3.0565	2.2805
-0.33612	-0.2871	-0.26079	-2.3903	-2.6583	2.3294	1.7172
-0.56177	-0.025354	-0.38782	-1.092	-2.0301	2.2888	0.851
-0.58455	-1.5456	-0.30798	-0.93384	-2.0576	1.9097	1.7979
-0.65775	-1.5007	-0.7762	-0.86888	-1.8286	1.936	1.8271
-0.76242	-1.1356	-1.4893	-1.3871	-2.5134	0.79528	1.9646
-0.60621	-0.99859	-1.9552	-1.3156	-2.0998	0.1052	1.8835
-0.84411	-1.4603	-0.54104	-1.6654	-1.6088	0.31975	1.2922
-0.97337	-1.025	-0.21802	-1.3286	-2.8363	0.42856	1.2869
-0.69448	-1.0053	0.42518	-0.30552	-2.0979	0.46059	0.57654
-0.41242	-0.95604	-0.71193	-0.25638	-1.2305	0.54263	0.06754
-1.393	-0.90207	-0.97814	-0.5535	-0.22719	0.24279	0.73284
-1.4921	-0.68779	-2.4271	-0.50518	0.39192	0.53905	-0.0093681
-1.2774	-0.88925	-2.4567	-1.22	0.90156	1.0842	-0.60423
-2.0456	-0.90193	-1.7306	-2.193	0.76737	1.1509	-0.69017
-1.9603	-1.0227	-1.9527	-2.0487	0.72059	0.29374	-1.7099
-1.0064	-0.92236	-1.9221	-2.5246	0.18803	0.095386	-2.4814
-1.8071	-0.82599	-1.8901	-1.5482	0.73351	1.5603	-2.3533
-1.6592	-0.60215	-1.3057	-0.95387	1.2018	1.1011	-2.86
-2.1479	-0.47084	-0.089344	-0.76516	1.0575	0.14511	-2.1248
-2.6053	-0.61398	-1.1819	-0.45304	1.1662	0.43138	-1.408
-2.822	-1.1642	-1.9346	-0.4408	1.2071	0.64583	-1.0362
-2.678	-0.63304	-0.49374	-0.61474	0.82911	1.4901	-0.69638
-2.6258	-1.1331	-0.36424	-1.0361	-0.36704	1.266	-0.081349
-2.7933	-1.3678	-1.789	-1.196	-0.13029	0.87813	0.15477
-1.9485	-0.99079	-2.7859	-0.89471	-0.49435	1.5129	1.8036
-1.8495	-1.5109	-2.4043	-0.79925	-1.1099	2.4541	1.7106
-1.7123	-1.6532	-1.5907	-2.2461	-1.8591	3.0412	0.59114
-2.133	-1.6333	-0.86567	-2.4063	-2.7442	2.4557	-0.053678
-0.88795	-1.5574	-0.48291	-1.6402	-2.5679	2.3277	-0.7047
-0.71581	-1.6931	0.54888	-1.5041	-2.7893	1.4566	-0.89415
0.32168	-0.89422	0.75895	-1.5648	-2.1181	0.84372	-1.7922
-0.077937	-1.3621	1.3625	-1.453	-2.1477	0.28164	-2.2899
0.2546	-0.6477	2.0151	-1.8626	-1.6334	0.38482	-2.1944
-0.067345	-0.55298	2.1344	-1.9901	-0.86612	0.87468	-2.5039
0.11571	-0.17184	2.3662	-2.7724	-0.83875	0.82059	-1.8087
-0.49948	-0.078995	1.327	-2.4969	-0.47809	0.91301	-1.9045
-0.51993	0.27959	1.6136	-2.0618	-1.0157	0.73006	-2.0824
0.21713	-0.0031317	0.30215	-2.3859	-0.5087	0.81283	-1.8573
0.27425	0.13798	-0.042375	-2.5025	-1.0204	0.21044	-2.4923
0.17292	0.3425	-1.0802	-1.9883	-0.23713	0.30769	-1.1892
0.34672	0.7258	-1.574	-2.701	-0.58873	1.2046	-1.4358
0.60398	0.36114	-1.1645	-1.8882	-1.2575	1.7427	-1.216
1.5084	-0.2632	-1.4622	-2.3887	-1.0494	1.5027	-0.96111
1.7908	-0.70685	-1.5878	-2.4235	-0.65389	0.95235	-0.012096
2.0337	-1.5254	-1.4817	-1.979	-0.31371	0.52398	0.13425
1.0791	-1.6929	-1.5239	-2.0256	-0.86315	0.16126	-0.64646
1.0128	-1.6904	-0.95809	-0.86533	0.09263	0.13965	-1.0432
1.6044	-1.2533	-1.3583	-1.5251	-0.62403	0.54033	-2.265
2.6419	-1.0485	-1.2021	-1.3757	0.026602	0.21592	-1.6159
1.6166	-1.6505	-0.4513	-2.4882	0.044464	0.69993	-0.57026
2.4307	-1.6289	-0.41268	-2.6039	-1.5846	0.6616	-0.216
2.4156	-1.4681	-0.84628	-2.1657	-1.7661	1.3561	-1.2404
1.9379	-1.548	-0.93804	-1.8103	-1.0788	2.0883	-0.26341
1.8405	-0.54449	-1.1165	-2.1134	-1.4539	3.027	-1.4402
0.87459	-0.92963	-1.9243	-2.2046	-1.3764	2.7538	-2.1754
1.1855	-1.1562	-1.2877	-0.99363	-1.9481	2.5677	-1.6355
1.3836	-0.76833	-2.1199	-0.56239	-1.5218	3.0427	-0.39629
1.1524	-0.28791	-2.0147	-0.73941	-2.3406	3.2096	0.089626
1.5006	-0.84917	-2.141	-1.3639	-2.125	1.9794	0.24321
2.0659	-0.4061	-2.1318	-1.1319	-1.3094	1.5701	-0.43287
2.3697	-0.67331	-1.93	-0.62809	-1.2867	0.77224	-0.48903
2.4895	-0.45433	-2.7171	-0.48371	-1.9335	1.581	-0.86149
2.7952	0.59843	-2.0844	-1.6748	-2.7655	1.3816	-0.96729
2.6376	0.43935	-2.5336	-2.3513	-2.4802	0.13557	0.22551
1.4886	0.94474	-2.3779	-2.087	-1.7107	0.11238	0.85437
0.95413	1.0792	-2.4471	-2.6879	-2.5625	1.4037	0.74152
2.1477	0.24724	-1.6485	-2.2409	-2.6716	1.3871	0.91485
0.91368	-0.59944	-1.9218	-2.4583	-2.6315	0.89362	0.4451
0.31672	-1.696	-0.92116	-1.2589	-2.063	0.12133	0.4678
0.68253	-1.5057	-2.1491	-0.77193	-0.093212	0.26762	0.96644
0.85638	-1.1203	-1.0791	-1.4522	-1.0439	0.4403	1.511
-0.12112	-1.139	-0.6934	-1.9232	-0.4273	0.91682	0.74634
1.1251	-0.27484	-1.1637	-2.5107	-0.16332	1.1549	0.75671
1.9631	-0.0013642	-1.7513	-2.7921	0.44152	0.90887	-0.39378
1.9224	1.2743	-1.3838	-2.8016	-0.76406	1.7635	-0.97427
1.3836	1.735	-1.768	-2.403	-0.28571	0.17464	-1.0264
1.7508	1.3394	-2.0534	-0.32376	-0.4406	0.64554	-2.0221
1.2979	0.92347	-1.0251	-0.98949	-1.6656	1.1309	-1.0655
0.30578	0.11354	-1.013	-0.95419	-1.1464	0.82891	-2.022
0.24947	-0.1101	-1.2489	-0.49087	-0.89543	2.0131	-2.4662
-0.4117	0.15804	-1.6164	-0.38948	-0.20522	1.7516	-2.4567
0.059978	-0.22077	-1.2606	-1.0455	0.40527	1.8783	-2.6007
-0.082909	-0.25506	-0.59464	-1.709	1.4696	1.6783	-2.8875
-0.23403	-0.85125	-0.90508	-0.51033	2.0733	2.1534	-2.7051
0.054434	-1.6619	-1.6154	-1.0737	1.0766	1.898	-2.7635
-0.217	-1.391	-0.84692	-1.1248	-0.17214	0.74312	-2.7254
0.3716	-1.2196	-0.263	-0.97108	-0.90071	1.1394	-2.6768
0.61752	-1.4511	-0.74103	-1.9526	-0.5685	1.7535	-2.0834
-0.40484	-0.86022	-0.60536	-2.0762	-0.94128	1.9403	-1.5653
-0.80626	-1.3358	-0.42587	-2.4549	-1.0373	0.98756	-1.3997
-1.5903	-1.2905	0.21252	-2.7585	-1.4155	1.6724	-1.7256
-1.7783	-1.0519	-0.93766	-2.8358	-0.78565	1.826	-1.8742
-1.3885	-1.142	-1.1536	-2.6307	-0.88424	2.0171	-2.3821
-1.1151	-0.56386	-0.32489	-2.3693	-0.75666	2.7567	-1.0487
-1.7443	-0.95668	-1.0589	-1.5464	-0.66151	3.4953	-0.97282
-1.5891	-0.6253	-1.6462	-1.6288	-0.0092675	3.0666	-0.89217
-1.8787	-0.92477	-1.4425	-1.0157	0.20396	2.952	-0.3797
-1.0837	-0.91389	-2.0525	-1.9007	0.73973	2.8472	-0.11158
-1.1219	-1.4033	-1.649	-2.0185	0.8091	2.2611	-1.0681
-1.5366	-1.1961	-2.1042	-2.5587	0.60303	3.5401	-1.871
-1.0215	-1.3456	-2.3536	-1.3616	-0.16583	3.2835	-1.9924
-1.0525	-0.17749	-2.848	-1.8472	0.082239	3.039	-1.4581
-0.97853	0.027321	-2.705	-0.82235	1.2051	2.8669	-1.423
-2.3254	0.22293	-2.1241	-0.91064	0.66847	2.7407	-1.9396
-2.6946	-0.070512	-2.7579	-0.57103	1.0335	3.0156	-1.762
-2.3734	-0.57493	-2.5326	-1.969	1.1868	2.3975	-2.0665
-2.2699	-1.1098	-2.626	-1.6872	2.5219	1.9826	-2.7452
-2.3056	-1.428	-1.4927	-1.0217	1.7864	2.6837	-2.6528
-2.573	-1.3113	-2.3064	-0.89067	2.1209	3.653	-2.3267
-2.4443	-1.4506	-2.8074	-0.36571	0.27872	2.2484	-2.8234
-2.6486	-0.78471	-2.4671	-1.2201	-0.88431	2.0978	-2.8782
-2.5962	-0.36054	-2.4781	-1.3459	-2.4164	2.5572	-2.2666
-2.618	-1.2023	-2.1827	-1.0669	-2.8063	2.9536	-1.4574
-2.3803	-0.65652	-1.2991	-1.6416	-2.517	2.8788	-1.2612
-2.4496	-0.59964	-1.6902	-2.3356	-2.6653	3.6037	-1.6511
-1.8671	-0.35694	-0.4322	-1.3017	-2.3668	3.4939	-1.8105
-1.4412	-1.1095	-1.1181	-0.57503	-2.359	2.359	-1.9733
-1.0204	-1.6795	-1.6629	-0.33569	-2.2372	0.92984	-1.6069
-1.6465	-0.61279	-0.85653	-0.65579	-2.2681	0.57018	-1.704
-2.0839	-0.98762	-1.0791	-0.53615	-2.241	0.64537	-2.5932
-1.3763	-0.28004	-1.7386	-0.82313	-2.126	1.3001	-1.0783
-1.7667	-0.24632	-2.7468	-1.1965	-2.7497	2.1194	-1.0008
-1.8414	-0.42574	-2.4992	-0.58007	-2.3509	1.9432	0.12737
-1.9655	0.57752	-2.326	-0.85012	-2.7667	1.1041	1.193
-0.86748	1.4368	-1.7656	-1.4291	-1.9626	0.8344	0.91282
-0.2125	0.39972	-1.7992	-0.8316	-1.085	0.34287	0.64321
-0.32614	0.67338	-2.5157	-1.3866	-0.28893	0.13371	1.5475
-0.87234	1.2006	-2.5045	-2.5171	-0.59674	0.31382	1.5609
-0.10768	0.23572	-1.8152	-1.8201	-0.74608	0.42486	2.4864
-0.07993	-0.055623	-2.5655	-2.7359	-1.7786	1.3503	2.5133
-0.039376	1.1502	-2.6116	-2.0941	-2.85	3.0451	2.4328
-0.81143	0.75155	-2.8571	-1.2005	-2.1657	2.8546	0.21649
-1.1899	0.65464	-2.1711	-1.1667	-1.3164	3.5096	-0.49086
-0.81864	1.4276	-2.5276	-0.84929	-1.4653	3.1631	-0.94801
0.53685	-0.014572	-2.5443	-1.2006	-1.0398	3.6405	-1.5215
0.79572	-0.29936	-2.4658	-0.60008	-0.85054	3.1819	-0.97506
0.47523	-0.62333	-2.7437	-1.2973	0.26847	2.2472	-0.075676
-0.65401	-0.31356	-2.5117	-1.8903	0.16263	1.6999	0.52339
-0.0016448	-0.95372	-1.9302	-2.0549	0.59957	1.7661	1.5987
-0.18172	-0.94376	-2.574	-1.5073	2.4326	1.708	-0.17772
-0.91643	-1.5614	-1.7616	-1.3484	2.4603	1.4006	-1.464
0.10854	-0.9137	-1.6055	-1.6951	2.7252	0.53562	-1.9635
-0.031452	-0.35266	-1.3597	-0.49592	1.7456	0.54271	-1.8557
0.0029475	0.90937	-1.1972	-0.73756	1.1757	0.088418	-1.9835
0.14774	0.82813	-2.2968	-0.91935	0.53672	0.99063	-2.4839
-0.25524	1.4551	-2.3332	-0.45856	0.69895	1.249	-1.5704
-1.141	1.5166	-2.3109	-0.92509	-0.4238	1.1131	-1.3401
-1.0915	0.77365	-2.0992	-1.5745	-0.80661	0.64307	-0.90149
-0.7133	0.51203	-1.9429	-1.3628	0.41268	1.6448	-1.3497
-0.58024	1.2645	-2.3003	-1.7924	1.6792	1.9425	-2.0138
0.23537	0.1379	-2.4435	-1.9813	1.1221	1.0574	-2.0664
-1.5687	0.81642	-1.9458	-1.3966	0.90032	0.21704	-1.9363
-1.8422	1.2262	-1.5334	-2.2241	1.9752	0.95203	-1.6877
-2.5781	1.0619	-0.14532	-1.7278	2.4557	0.99684	-2.0057
-2.4482	0.021309	0.28525	-0.93478	2.525	0.092067	-1.9613
-1.006	0.5052	1.164	-1.8788	2.3193	0.38164	-2.6779
-1.444	-0.98263	1.8179	-1.7262	1.526	0.61005	-2.3647
-1.5645	-0.21234	1.4199	-2.3277	0.65167	1.2646	-2.2636
-2.1771	0.26651	1.0872	-2.5402	0.11999	2.2187	-2.0588
-2.8434	-0.24063	0.86748	-2.7586	1.2411	2.1325	-2.3294
-2.7657	-1.0976	0.011829	-2.3489	1.9468	2.4894	-2.8001
-2.6852	-0.26606	-0.61008	-1.3228	2.558	2.0479	-1.3893
-2.8276	0.38257	-1.3108	-0.48661	2.0741	1.6105	-1.6329
-2.3923	0.025747	-0.84607	-2.2834	1.5709	2.0888	-1.2138
-1.2156	0.23271	-0.57594	-2.6022	2.0226	1.7868	-0.67532
-1.8675	-0.38015	-1.4592	-2.5383	1.8968	0.5289	-2.2966
-2.4766	-1.0782	-2.8878	-0.5783	2.0881	0.14341	-2.8545
-2.2031	1.0373	-2.6782	-0.29733	0.045052	0.67125	-2.6091
-1.8881	1.0878	-2.7995	-1.3194	-1.1583	0.64606	-2.7917
-2.4627	1.71	-2.7138	-1.1145	-0.52961	1.348	-1.4079
-2.7873	1.2204	-1.6446	-0.87372	-1.5227	0.32871	-0.40428
-1.9189	1.56	-1.5173	-0.41415	-0.92471	0.95722	0.68705
-2.5654	1.305	-1.0323	-1.5864	0.59141	2.2126	-1.14
-2.695	0.65844	-1.4259	-2.0747	-0.092934	3.0457	-0.37504
-2.5848	0.46901	-1.7601	-2.8284	0.46728	1.9032	0.79046
-2.8873	-1.1223	-1.3276	-2.5687	1.3802	2.9789	0.19661
-2.7838	-1.2778	-1.9423	-2.8918	0.0052197	3.2127	-1.2449
-2.7304	0.22231	-1.113	-1.7152	0.073042	3.2583	-2.2549
-2.2707	-0.2616	-1.0662	-0.61946	0.11649	2.2322	-1.7157
-1.5199	0.68724	-0.99867	-0.43778	0.04259	0.95382	-2.3061
-0.88986	-0.71949	-1.617	-0.47018	-0.82042	1.8354	-1.5909
-1.381	-1.3909	-2.3566	-0.99626	-1.5818	2.917	-1.0659
-0.59583	-0.43493	-2.5696	-1.8338	-1.698	2.9624	-1.8663
-0.68739	-0.83221	-2.7833	-1.3497	-1.5506	2.4471	-2.6806
-1.0755	-1.5306	-2.0942	-2.2234	-2.0513	3.2501	-2.2359
0.0035052	-1.5786	-0.49935	-2.1602	-1.3127	3.3927	-1.3861
0.91925	-1.7102	-0.66514	-1.8482	-2.4004	3.6531	-0.56783
-0.25291	-1.3351	-0.29165	-0.50291	-2.8008	3.3474	-1.1089
-0.27513	-1.5911	1.4411	-1.5044	-1.5792	2.9445	-1.0197
-1.0934	-0.80522	1.8883	-2.2704	-1.6745	2.9418	-1.1289
-2.0907	-0.72762	2.1424	-1.4709	-1.7587	3.1031	-1.0336
-1.6791	-1.0829	0.87754	-2.5556	-2.2733	3.3223	-1.3623
-1.8692	-1.2084	1.3206	-1.1039	-2.6188	2.5775	-2.7868
-1.8363	-1.5371	0.36371	-0.56993	-1.1288	2.4151	-1.6023
-1.9254	-1.5928	0.23871	-0.37929	-1.2088	1.7901	-1.4384
-1.7293	-1.0712	2.041	-1.0637	-0.70198	0.7538	-1.4161
-2.8633	-1.4337	2.2828	-0.60056	-0.54972	1.2342	-1.5467
-2.6886	-1.4528	1.6771	-2.7306	-1.3448	1.0196	-1.7081
-2.0663	-1.1523	1.466	-2.6971	-2.4686	0.9865	-2.0042
-1.2859	0.61241	0.62235	-1.2302	-2.0356	0.2675	-2.1631
-1.2481	0.5126	0.66042	-0.58427	-1.2764	0.90772	-1.3845
0.13576	0.81505	0.1822	-0.59926	-1.1205	0.090014	-1.8037
0.14105	-0.40904	0.30438	-0.39493	0.34051	0.43767	-1.6033
0.69118	-0.62317	1.1311	-1.2747	-0.81925	0.63145	-1.4042
1.3406	-0.95569	1.0915	-0.87552	-0.86888	0.95274	-1.6039
2.0421	-0.39127	1.0458	-1.6576	-2.0232	0.93414	-1.6328
1.5224	-0.52312	1.8914	-0.76735	-2.2906	0.3001	-1.6956
0.96966	-0.13299	2.584	-1.2311	-2.759	0.13212	-2.5893
0.31557	0.49148	1.4703	-1.7006	-2.7769	0.77648	-1.3931
-0.33904	0.74543	2.6552	-2.2194	-2.2549	1.4717	-1.4523
0.58779	1.0966	1.8261	-2.7336	-1.703	1.3256	-1.6752
0.87986	1.5608	2.1925	-2.5635	-2.4948	0.21347	-0.86223
-1.1036	1.1007	2.0623	-2.5144	-1.6628	0.1657	-0.94501
-1.5658	0.9804	2.8527	-1.4465	-2.3029	0.27168	-1.5851
-1.4671	0.81393	1.7637	-0.83641	-1.9562	1.318	-2.7194
-1.7745	1.411	2.783	-1.4659	-1.3775	1.6876	-2.8688
-1.9597	1.4518	1.9499	-1.1118	-0.23055	0.26237	-2.626
-2.2174	1.5945	1.5183	-1.7617	0.088681	1.0542	-2.8764
-1.966	1.3087	1.5352	-1.5866	0.58152	0.29735	-1.6472
-1.4617	0.22917	0.56882	-1.0879	0.58808	1.1588	-1.0238
-1.3719	0.28782	0.42329	-2.7195	1.0201	0.096417	0.44462
0.58046	-0.87099	0.58242	-2.3584	1.0643	0.61528	-0.98326
-0.030415	0.36397	0.029819	-2.0371	0.81503	0.19124	-2.5478
0.15698	0.86463	0.68637	-1.3726	-1.0115	2.1541	-2.6221
0.73312	0.25855	0.22236	-1.2748	-1.9804	2.912	-2.0519
1.0192	-1.16	0.40214	-0.88763	-1.9728	1.8648	-2.4955
1.9176	-1.6749	0.96963	-0.96661	-2.5639	2.2528	-2.8461
2.1491	-1.3897	0.93338	-1.612	-2.2759	2.4459	-2.4997
2.6135	-1.2743	0.83353	-1.8196	-2.7529	2.0383	-1.2175
0.82788	-1.2765	1.6804	-1.3865	-2.1891	2.1602	-1.2518
0.85044	-1.5037	2.2942	-1.048	-1.7313	2.3358	-2.7875
0.63461	-0.69941	1.5212	-2.0158	-1.4877	1.4454	-2.5556
0.20893	-0.66868	2.2631	-2.3846	-1.7214	2.7092	-1.9877
-0.034822	-1.4475	1.9749	-1.1876	-2.8534	3.5146	-1.5994
0.64294	-1.5322	0.39112	-0.36451	-0.9245	3.0266	-2.452
0.97814	-0.87345	0.97389	-2.3558	-0.35674	3.1075	-2.8516
-0.99348	-1.4496	0.6427	-2.3349	-0.21438	2.9867	-2.7619
0.24746	-1.2008	-0.60322	-2.7063	-2.0754	2.317	-2.6135
1.51	-1.2453	-0.27374	-2.1173	-2.8423	3.4426	-2.3445
1.8306	-0.84989	-0.61099	-1.0971	-2.8683	1.6589	-2.3474
2.1916	-0.13685	-0.37449	-1.3218	-2.4629	0.19847	-1.1931
1.0016	-0.69439	0.41764	-2.2245	-2.5693	0.75257	-0.63383
0.70297	-0.70581	1.0663	-2.2082	-2.6438	0.86332	0.65854
-0.29338	-0.3935	1.6701	-1.9464	-2.5183	0.93826	0.34545
0.3695	0.35101	0.23792	-2.0019	-2.0325	1.0233	0.98027
0.5426	-0.18244	-1.3128	-0.89048	-0.57779	1.3743	-0.49346
0.64215	-0.56422	-2.7475	-0.95822	-0.77584	1.6264	-2.1812
0.3767	0.49208	-2.8558	-1.5791	-1.0517	2.4836	-2.1793
0.54216	0.74398	-1.5466	-0.85637	-1.4922	2.4716	-2.06
0.96638	-0.40629	-1.4081	-1.5265	-0.11666	3.5346	-2.3922
0.50199	-0.0054639	-2.3043	-2.6191	-0.084969	3.1975	-2.3528
1.6866	0.49813	-2.7416	-2.6737	0.40259	3.4008	-2.0588
1.8243	-0.28112	-2.8614	-2.6727	-0.27101	3.5311	-1.195
0.74187	-0.084496	-2.8916	-2.7022	-0.24011	2.199	-0.47948
1.1758	0.52697	-2.8934	-2.2027	-1.5463	3.0469	0.071364
0.77465	-0.42247	-2.3713	-2.283	-2.41	3.6215	-0.22086
1.5022	-1.5162	-1.2056	-0.65099	-2.7586	2.7698	0.8526
2.2563	-1.6814	0.50596	-2.854	-2.628	1.4396	1.0335
-0.60618	-1.2859	-0.58172	-2.3371	-1.059	3.0651	0.24521
-0.59086	-1.5912	0.0042638	-1.7179	-1.1125	3.1607	0.22996
-2.8387	-1.3502	0.16537	-1.7145	-1.5292	2.9023	0.32289
-2.4985	-0.49275	-0.3278	-2.0196	-2.0317	3.2133	0.4315
-2.0002	-1.5758	-0.33819	-0.28306	-2.326	3.0087	0.74402
-1.554	-0.79111	1.796	-0.30852	-2.8966	1.7682	-0.14494
-0.37687	-1.5784	-0.56405	-0.60764	-2.6065	0.24605	-1.1092
0.036217	0.25786	-2.1216	-0.43669	-2.8564	0.7896	-1.8901
-0.72548	0.56708	-2.1761	-1.5956	-2.3843	0.083764	-1.6182
-2.1133	0.8076	-1.403	-1.3091	-2.6209	0.45462	-1.789
-2.2547	0.87073	-1.0259	-1.6007	-2.4148	1.5081	-1.8949
-0.83926	1.6581	-1.15	-2.2964	-0.18709	2.5839	-2.3766
1.7463	0.35428	-2.0342	-2.4591	-0.86772	2.5977	-2.8744
1.2016	-0.17168	-2.8935	-2.7708	-1.6608	1.781	-2.6192
2.2049	1.0421	-2.8501	-2.7984	0.25885	1.9617	-1.5452
1.6758	1.7245	-2.7328	-0.89173	-1.9411	1.1735	-0.78844
-0.014439	0.75046	-2.5404	-2.7772	2.4928	0.092331	-0.64322
0.64233	-0.63397	-1.2372	-2.629	1.185	3.1805	-2.8371
-2.4321	0.16532	1.9325	-2.5193	2.3347	1.478	-2.2585
-2.1586	-1.719	-0.52784	-2.3326	1.6647	0.099195	2.0043
-2.7155	0.14752	0.036812	-1.8551	-2.8436	3.5943	2.3063
-1.1646	-0.28623	-2.5738	-2.8154	-1.8161	1.0438	-2.5134
-0.21631	-0.42468	-2.3571	-2.2098	-0.95126	1.4185	-2.0498
0.21036	-0.58649	-1.5223	-1.4508	-2.2733	0.5629	-2.3501
1.2253	0.13543	0.14248	-1.5649	-2.5168	0.89687	-2.2191
-0.36308	-1.4635	0.47155	-0.58475	-1.6984	0.40993	-1.8082
-1.5558	-0.41928	-0.27118	-1.5693	0.2351	1.3107	-1.2086
-1.0959	1.1022	0.078561	-0.59856	2.7842	1.2442	-1.6247
1.0214	0.91421	0.49944	-0.71539	2.4733	2.3621	-2.7876
0.94663	0.025577	-0.082281	-0.61125	2.6975	2.8012	-1.4679
0.94873	-1.3225	1.0084	-1.0924	2.4924	3.0498	-1.8653
0.63282	-1.6994	1.1677	-2.8555	1.0656	3.2262	-0.39516
0.1056	-0.51824	2.083	-2.2074	1.9917	2.1652	1.2714
-1.0617	-0.77131	1.855	-1.9897	2.1556	1.0335	1.596
-1.5697	-0.88626	1.0215	-1.1769	1.1802	3.0795	1.3171
-1.5212	-0.98716	2.8456	-0.37405	0.80091	1.8824	-0.82215
-0.70911	1.592	1.4046	-0.54387	0.57306	2.5493	-0.63094
1.1794	1.5304	0.54571	-1.3238	1.3834	1.4096	-0.27078
2.8257	1.739	1.4923	-2.1676	2.6308	1.5478	-1.6421
1.7286	1.2807	1.7266	-2.8804	2.4332	0.13435	-2.7268
2.5029	-1.4338	1.3836	-2.7506	1.4901	1.7362	-2.6365
2.002	-0.38856	1.956	-0.91176	0.48594	0.6471	0.16712
1.9023	-1.0476	0.16078	-0.7542	-0.83961	2.0392	1.26
1.7862	-0.18481	-0.88925	-0.8886	-0.81001	2.071	2.2525
1.9711	-0.90246	-0.37307	-0.69917	-2.0124	2.795	2.1817
2.7976	-1.2049	0.67609	-2.0783	-2.4043	3.2224	0.52558
1.887	0.64596	1.0975	-1.4889	-1.803	1.8424	0.34501
1.9307	0.97012	1.6696	-1.9061	-2.0147	1.3363	0.84078
0.97255	0.81942	0.75915	-1.6551	-1.0757	2.3761	0.35942
1.1841	0.96817	1.8696	-0.7585	-1.4268	2.9479	0.75161
0.78077	0.82615	2.2444	-1.1307	-2.198	2.636	-0.3058
-0.43046	1.3812	2.1688	-1.2176	-1.2037	1.1185	-1.4747
-2.4779	1.4114	2.7195	-1.8592	-1.0802	2.0592	1.6923
-2.7847	0.29526	2.4388	-2.6541	0.31616	3.4164	-1.7415
0.14672	-1.316	1.4413	-2.0625	-1.8127	3.5947	1.2332
2.0048	-1.4055	0.51167	-1.3522	0.12634	1.7043	2.7044
0.81694	0.52495	1.0336	-2.7412	-1.5996	0.67374	2.4832
-0.45512	-0.13327	-1.0753	-2.2986	-2.2255	0.55144	2.5874
1.4283	1.0763	-1.3384	-1.7459	-0.56899	2.2563	1.565
1.5556	1.0025	-2.7297	-2.7581	-1.0232	2.945	0.75463
1.7511	0.60468	-1.7365	-2.8586	1.5249	2.1102	0.89361
1.4492	-1.7103	-2.073	-2.8159	1.7888	0.23928	0.96296
2.5561	-1.2993	-1.4155	-1.8936	2.861	1.2956	2.3152
2.1422	0.84204	-2.2991	-0.32012	1.3832	0.11959	1.0379
-0.59943	-1.1056	-0.62109	-2.4871	1.9256	0.6082	1.0404
-1.1408	-1.1703	-0.92785	-2.7183	0.88941	0.94809	1.4945
-1.7238	0.50683	-2.8968	-1.5358	0.40463	0.095067	2.2742
